image: eai_map_imu.pgm
resolution: 0.050000
# origin: [-17.000000, -13.800000, 0.000000]
origin: [-17.000000, -13.800000, 0.000000]
negate: 0
occupied_thresh: 0.65
free_thresh: 0.196
angle_init: 0.000000

